11111222221212121212222111222111222111121111222221
11111222221212121212222111222111222111121111222221
11111222221212121212222111222111222111121111222221
11111222221212121212222111222111222111121111222221
11111222221212121212222111222111222111121111222221
11111222221212121212222111222111222111121111222221
11111222221212121212222111222111222111121111222221
11111222221212121212222111222111222111121111222221
11111222221212121212222111222111222111121111222221
11111222221212121212222111222111222111121111222221
11111222221212121212222111222111222111121111222221
11111222221212121212222111222111222111121111222221
11111222221212121212222111222111222111121111222221
11111222221212121212222111222111222111121111222221
11111222221212121212222111222111222111121111222221
11111222221212121212222111222111222111121111222221
11111222221212121212222111222111222111121111222221
11111222221212121212222111222111222111121111222221
11111222221212121212222111222111222111121111222221
11111222221212121212222111222111222111121111222221
11111222221212121212222111222111222111121111222221
11111222221212121212222111222111222111121111222221
11111222221212121212222111222111222111121111222221
11111222221212121212222111222111222111121111222221
11111222221212121212222111222111222111121111222221
11111222221212121212222111222111222111121111222221
11111222221212121212222111222111222111121111222221
11111222221212121212222111222111222111121111222221
11111222221212121212222111222111222111121111222221
11111222221212121212222111222111222111121111222221
11111222221212121212222111222111222111121111222221
11111222221212121212222111222111222111121111222221
11111222221212121212222111222111222111121111222221
11111222221212121212222111222111222111121111222221
11111222221212121212222111222111222111121111222221
11111222221212121212222111222111222111121111222221
11111222221212121212222111222111222111121111222221
11111222221212121212222111222111222111121111222221
11111222221212121212222111222111222111121111222221
11111222221212121212222111222111222111121111222221
11111222221212121212222111222111222111121111222221
11111222221212121212222111222111222111121111222221
11111222221212121212222111222111222111121111222221
11111222221212121212222111222111222111121111222221
11111222221212121212222111222111222111121111222221
11111222221212121212222111222111222111121111222221
11111222221212121212222111222111222111121111222221
11111222221212121212222111222111222111121111222221
11111222221212121212222111222111222111121111222221
11111222221212121212222111222111222111121111222221
11111222221212121212222111222111222111121111222221
11111222221212121212222111222111222111121111222221
11111222221212121212222111222111222111121111222221
11111222221212121212222111222111222111121111222221
11111222221212121212222111222111222111121111222221
11111222221212121212222111222111222111121111222221
11111222221212121212222111222111222111121111222221
11111222221212121212222111222111222111121111222221
11111222221212121212222111222111222111121111222221
11111222221212121212222111222111222111121111222221
11111222221212121212222111222111222111121111222221
11111222221212121212222111222111222111121111222221
11111222221212121212222111222111222111121111222221
11111222221212121212222111222111222111121111222221
11111222221212121212222111222111222111121111222221
11111222221212121212222111222111222111121111222221
11111222221212121212222111222111222111121111222221
11111222221212121212222111222111222111121111222221
11111222221212121212222111222111222111121111222221
11111222221212121212222111222111222111121111222221
11111222221212121212222111222111222111121111222221
11111222221212121212222111222111222111121111222221
11111222221212121212222111222111222111121111222221
11111222221212121212222111222111222111121111222221
11111222221212121212222111222111222111121111222221
11111222221212121212222111222111222111121111222221
11111222221212121212222111222111222111121111222221
11111222221212121212222111222111222111121111222221
11111222221212121212222111222111222111121111222221
11111222221212121212222111222111222111121111222221
